Provider_Code,Region,Trust Name,Type 1 A&E Attendances,Type 2 A&E Attendances,Type 3 A&E Attendances,Total A&E Attendances,Seen <4 Hours,Type 2 Seen <4 Hours,Type 3 Seen <4 Hours,>4hrs from Arrival,"A&E attendances greater than 4 hours from arrival to admission, transfer or discharge",Type 1 Admissions,Type 2 Admissions,Type 3 Admissions,% Seen <4 Hours,Admissions >4hrs from Decision,Admissions >12hrs from Decision,Other Emergency Admissions,Total Emergency Admissions,Elective Admissions,Cancelled Elective Admissions,Delayed Transfers,Bed Days,Staff Shortages,Covid Admissions,Notes
RC9,NHS England East Of England ,Bedfordshire Hospitals NHS Foundation Trust,17026,0,9599,26625,9553,0,9599,19152,7473,0,0,7473,0.7193239436619718,0.5610830494537766,-,1,4678,0,0,4678,2325,7003,9,9
RGT,NHS England East Of England ,Cambridge University Hospitals NHS Foundation Trust,11282,0,6535,17817,6325,0,6400,12725,4957,0,135,5092,0.7142055340405231,0.5606275483070378,-,0.9793420045906657,2764,0,35,2799,436,3235,1030,417
RWH,NHS England East Of England ,East And North Hertfordshire NHS Trust,9225,0,8769,17994,4618,0,8660,13278,4607,0,109,4716,0.7379126375458486,0.5005962059620597,-,0.987569848329342,2849,0,3,2852,228,3080,407,170
RDE,NHS England East Of England ,East Suffolk And North Essex NHS Foundation Trust,13117,0,15563,28680,7469,0,15008,22477,5648,0,555,6203,0.7837168758716876,0.569413737897385,-,0.9643384951487503,6306,0,386,6692,1212,7904,1709,733
RY4,NHS England East Of England ,Hertfordshire Community NHS Trust,0,0,1223,1223,0,0,1185,1185,0,0,38,38,0.9689288634505315,-,-,0.9689288634505315,0,0,0,0,0,0,0,0
DT301,NHS England East Of England ,Herts Urgent Care (Ascots Lane),0,0,2413,2413,0,0,2289,2289,0,0,124,124,0.9486116866970576,-,-,0.9486116866970576,0,0,0,0,0,0,0,0
RGP,NHS England East Of England ,James Paget University Hospitals NHS Foundation Trust,7416,0,1608,9024,4086,0,1608,5694,3330,0,0,3330,0.6309840425531915,0.5509708737864077,-,1,1676,0,0,1676,504,2180,1039,457
RAJ,NHS England East Of England ,Mid And South Essex NHS Foundation Trust,31805,0,3966,35771,20223,0,3655,23878,11582,0,311,11893,0.6675239719325711,0.6358434208457789,-,0.921583459404942,8531,0,174,8705,1285,9990,3182,627
RD8,NHS England East Of England ,Milton Keynes University Hospital NHS Foundation Trust,9251,0,5488,14739,5878,0,5096,10974,3373,0,392,3765,0.7445552615509872,0.6353907685655604,-,0.9285714285714286,2260,0,0,2260,446,2706,897,0
RM1,NHS England East Of England ,Norfolk And Norwich University Hospitals NHS Foundation Trust,12804,0,8381,21185,8937,0,8381,17318,3867,0,0,3867,0.817465187632759,0.6979850046860356,-,1,2482,0,0,2482,1599,4081,1169,255
RGN,NHS England East Of England ,North West Anglia NHS Foundation Trust,15288,0,5141,20429,8776,0,4930,13706,6512,0,211,6723,0.6709090019090509,0.5740450026164312,-,0.9589574012837969,3714,0,32,3746,1592,5338,1371,889
Y02428,NHS England East Of England ,Putnoe Walk In Centre,0,0,3139,3139,0,0,3139,3139,0,0,0,0,1,-,-,1,0,0,0,0,0,0,0,0
RQW,NHS England East Of England ,The Princess Alexandra Hospital NHS Trust,8544,0,2796,11340,5070,0,2796,7866,3474,0,0,3474,0.6936507936507936,0.5933988764044944,-,1,1795,0,0,1795,277,2072,490,89
RCX,NHS England East Of England ,"The Queen Elizabeth Hospital, King's Lynn, NHS Foundation Trust",6746,0,1246,7992,3561,0,1246,4807,3185,0,0,3185,0.6014764764764765,0.5278683664393715,-,1,1909,0,0,1909,373,2282,413,128
RWG,NHS England East Of England ,West Hertfordshire Teaching Hospitals NHS Trust,8729,0,8460,17189,5801,0,8273,14074,2928,0,187,3115,0.8187794519751004,0.6645663879023943,-,0.9778959810874704,4279,0,0,4279,619,4898,847,28
RGR,NHS England East Of England ,West Suffolk NHS Foundation Trust,8292,0,798,9090,7237,0,798,8035,1055,0,0,1055,0.8839383938393839,0.8727689339122046,-,1,2117,0,0,2117,300,2417,284,69
G0Q0L,NHS England London,Barking Hospital Utc,0,0,2910,2910,0,0,2880,2880,0,0,30,30,0.9896907216494846,-,-,0.9896907216494846,0,0,0,0,0,0,0,0
RF4,NHS England London,"Barking, Havering And Redbridge University Hospitals NHS Trust",13687,2482,15017,31186,7483,2097,14866,24446,6204,385,151,6740,0.7838773808760341,0.5467231679696062,0.8448831587429493,0.9899447293067857,8016,0,0,8016,415,8431,1623,928
R1H,NHS England London,Barts Health NHS Trust,25830,973,18069,44872,14095,920,16790,31805,11735,53,1279,13067,0.708793902656445,0.5456833139759969,0.9455292908530318,0.9292157839393437,4556,0,46,4602,1117,5719,2232,990
AD913,NHS England London,Beckenham Beacon Ucc,0,0,4089,4089,0,0,4078,4078,0,0,11,11,0.9973098557104426,-,-,0.9973098557104426,0,0,0,0,0,0,0,0
RYX,NHS England London,Central London Community Healthcare NHS Trust,0,0,13349,13349,0,0,12933,12933,0,0,416,416,0.9688366169750543,-,-,0.9688366169750543,0,0,0,0,0,0,0,0
RQM,NHS England London,Chelsea And Westminster Hospital NHS Foundation Trust,20669,0,6486,27155,15316,0,6384,21700,5353,0,102,5455,0.7991161848646658,0.7410131114229038,-,0.9842738205365402,2869,0,0,2869,307,3176,988,55
RJ6,NHS England London,Croydon Health Services NHS Trust,13255,0,5119,18374,9966,0,5119,15085,3289,0,0,3289,0.8209970610645477,0.7518672199170124,-,1,1214,0,0,1214,118,1332,1005,701
RVR,NHS England London,Epsom And St Helier University Hospitals NHS Trust,11860,328,1530,13718,8420,328,1421,10169,3440,0,109,3549,0.7412888176118968,0.7099494097807757,1,0.9287581699346406,1911,3,0,1914,188,2102,959,706
RJ1,NHS England London,Guy's And St Thomas' NHS Foundation Trust,10247,727,7130,18104,6679,715,6931,14325,3568,12,199,3779,0.791261599646487,0.6518005269835073,0.9834938101788171,0.9720897615708275,2054,0,0,2054,220,2274,190,71
K6K0R,NHS England London,Harold Wood Polyclinic Utc,0,0,2364,2364,0,0,2359,2359,0,0,5,5,0.9978849407783418,-,-,0.9978849407783418,0,0,0,0,0,0,0,0
RQX,NHS England London,Homerton Healthcare NHS Foundation Trust,11231,0,0,11231,9304,0,0,9304,1927,0,0,1927,0.8284213338082094,0.8284213338082094,-,-,1842,0,0,1842,349,2191,228,22
RYJ,NHS England London,Imperial College Healthcare NHS Trust,12089,3928,7706,23723,6756,3883,7357,17996,5333,45,349,5727,0.7585887113771446,0.5588551575812722,0.9885437881873728,0.9547106151051129,3707,1,0,3708,1110,4818,1037,387
RJZ,NHS England London,King's College Hospital NHS Foundation Trust,15770,0,10720,26490,8967,0,10157,19124,6803,0,563,7366,0.721932804832012,0.5686112872542802,-,0.9474813432835821,3585,0,0,3585,366,3951,2367,926
RAX,NHS England London,Kingston And Richmond NHS Foundation Trust,7332,0,8910,16242,4061,0,8637,12698,3271,0,273,3544,0.7818002709025982,0.553873431533006,-,0.9693602693602693,2435,0,278,2713,322,3035,679,406
RJ2,NHS England London,Lewisham And Greenwich NHS Trust,15526,0,10605,26131,7392,0,9788,17180,8134,0,817,8951,0.6574566606712334,0.47610459873760147,-,0.9229608675153229,5027,0,0,5027,1262,6289,2172,854
R1K,NHS England London,London North West University Healthcare NHS Trust,14125,0,15651,29776,7801,0,15457,23258,6324,0,194,6518,0.7810988715744224,0.552283185840708,-,0.9876046259024982,6751,0,0,6751,336,7087,1001,367
RP6,NHS England London,Moorfields Eye Hospital NHS Foundation Trust,0,5789,0,5789,0,5697,0,5697,0,92,0,92,0.9841077906374158,-,0.9841077906374158,-,0,6,0,6,202,208,0,0
RAT,NHS England London,North East London NHS Foundation Trust,0,0,2006,2006,0,0,1931,1931,0,0,75,75,0.9626121635094715,-,-,0.9626121635094715,0,0,0,0,0,0,0,0
RAL,NHS England London,Royal Free London NHS Foundation Trust,25567,541,16868,42976,15715,535,15896,32146,9852,6,972,10830,0.7479988830975428,0.6146595220401299,0.988909426987061,0.942376096751245,4698,0,51,4749,779,5528,3040,1838
RAN,NHS England London,Royal National Orthopaedic Hospital NHS Trust,0,0,0,0,0,0,0,0,0,0,0,0,-,-,-,-,0,0,0,0,27,27,0,0
RJ7,NHS England London,St George's University Hospitals NHS Foundation Trust,9841,0,3515,13356,7656,0,3515,11171,2185,0,0,2185,0.8364031147050015,0.7779697185245402,-,1,2738,0,0,2738,793,3531,1181,780
RAS,NHS England London,The Hillingdon Hospitals NHS Foundation Trust,6236,0,6892,13128,3113,0,6836,9949,3123,0,56,3179,0.7578458257160268,0.4991982039769083,-,0.991874637260592,1883,0,0,1883,57,1940,835,69
Y03218,NHS England London,The Pinn Unregistered Wic,0,0,603,603,0,0,603,603,0,0,0,0,1,-,-,1,0,0,0,0,0,0,0,0
RRV,NHS England London,University College London Hospitals NHS Foundation Trust,13948,0,0,13948,10159,0,0,10159,3789,0,0,3789,0.7283481502724405,0.7283481502724405,-,-,1443,0,0,1443,276,1719,465,80
Y02147,NHS England London,Urgent Care Centre (Qms),0,0,8643,8643,0,0,8459,8459,0,0,184,184,0.9787110956843689,-,-,0.9787110956843689,0,0,0,0,0,0,0,0
RKE,NHS England London,Whittington Health NHS Trust,9282,0,0,9282,6682,0,0,6682,2600,0,0,2600,0.7198879551820728,0.7198879551820728,-,-,1364,0,0,1364,39,1403,339,71
NL7,NHS England Midlands ,Assura Vertis Urgent Care Centres (Birmingham),0,0,3164,3164,0,0,3164,3164,0,0,0,0,1,-,-,1,0,0,0,0,0,0,0,0
8J094,NHS England Midlands ,Badger Ltd,0,0,1438,1438,0,0,1438,1438,0,0,0,0,1,-,-,1,0,0,0,0,0,0,0,0
RQ3,NHS England Midlands ,Birmingham Women's And Children's NHS Foundation Trust,5330,0,0,5330,4674,0,0,4674,656,0,0,656,0.8769230769230769,0.8769230769230769,-,-,1091,0,0,1091,151,1242,7,7
RFS,NHS England Midlands ,Chesterfield Royal Hospital NHS Foundation Trust,7422,0,6913,14335,3661,0,6490,10151,3761,0,423,4184,0.708126961981165,0.4932632713554298,-,0.9388109359178359,2725,0,289,3014,696,3710,990,167
RYG,NHS England Midlands ,Coventry And Warwickshire Partnership NHS Trust,0,0,0,0,0,0,0,0,0,0,0,0,-,-,-,-,0,0,3,3,71,74,0,0
RY8,NHS England Midlands ,Derbyshire Community Health Services NHS Foundation Trust,0,0,9607,9607,0,0,9478,9478,0,0,129,129,0.986572291037785,-,-,0.986572291037785,0,0,0,0,0,0,0,0
NNJ,NHS England Midlands ,Dhu Health Care C.I.C,0,0,2055,2055,0,0,2055,2055,0,0,0,0,1,-,-,1,0,0,0,0,0,0,0,0
Y03007,NHS England Midlands ,Erdington GP Health & Wellbeing Wic,0,0,1942,1942,0,0,1942,1942,0,0,0,0,1,-,-,1,0,0,0,0,0,0,0,0
RLT,NHS England Midlands ,George Eliot Hospital NHS Trust,7182,0,1690,8872,4262,0,1625,5887,2920,0,65,2985,0.6635482416591524,0.5934280144806461,-,0.9615384615384616,1093,0,0,1093,1,1094,791,338
RNQ,NHS England Midlands ,Kettering General Hospital NHS Foundation Trust,10604,0,8943,19547,6908,0,8769,15677,3696,0,174,3870,0.8020156545761498,0.6514522821576764,-,0.9805434417980543,1799,0,0,1799,294,2093,1304,891
C82038,NHS England Midlands ,Latham House Medical Practice,0,0,350,350,0,0,350,350,0,0,0,0,1,-,-,1,0,0,0,0,0,0,0,0
RY5,NHS England Midlands ,Lincolnshire Community Health Services NHS Trust,0,0,8775,8775,0,0,8525,8525,0,0,250,250,0.9715099715099715,-,-,0.9715099715099715,0,0,0,0,0,0,0,0
NNJ0H,NHS England Midlands ,Llr Ea - The Merlyn Vaz Health & Social Care Centre,0,0,2412,2412,0,0,2412,2412,0,0,0,0,1,-,-,1,0,0,0,0,0,0,0,0
NNJ07,NHS England Midlands ,Loughborough Urgent Care Centre,0,0,8172,8172,0,0,8144,8144,0,0,28,28,0.9965736661771905,-,-,0.9965736661771905,0,0,0,0,0,0,0,0
NNJ12,NHS England Midlands ,Market Harborough,0,0,581,581,0,0,581,581,0,0,0,0,1,-,-,1,0,0,0,0,0,0,0,0
C82009,NHS England Midlands ,Market Harborough Med.Ctr,0,0,315,315,0,0,315,315,0,0,0,0,1,-,-,1,0,0,0,0,0,0,0,0
NNJ13,NHS England Midlands ,Melton Mowbray,0,0,451,451,0,0,451,451,0,0,0,0,1,-,-,1,0,0,0,0,0,0,0,0
A5D4Q,NHS England Midlands ,Nems Utc,0,0,3681,3681,0,0,2217,2217,0,0,1464,1464,0.6022819885900571,-,-,0.6022819885900571,0,0,0,0,0,0,0,0
RNS,NHS England Midlands ,Northampton General Hospital NHS Trust,10470,527,2603,13600,6098,512,2335,8945,4372,15,268,4655,0.6577205882352941,0.5824259789875835,0.9715370018975332,0.8970418747598924,2348,0,0,2348,891,3239,1336,674
NR3,NHS England Midlands ,Nottingham Citycare Partnership,0,0,6067,6067,0,0,5346,5346,0,0,721,721,0.8811603758035272,-,-,0.8811603758035272,0,0,0,0,0,0,0,0
RX1,NHS England Midlands ,Nottingham University Hospitals NHS Trust,13574,1817,567,15958,6299,1735,426,8460,7275,82,141,7498,0.5301416217571124,0.4640489170472963,0.9548706659328564,0.7513227513227513,4380,184,0,4564,4583,9147,743,533
NNJ14,NHS England Midlands ,Oadby,0,0,3850,3850,0,0,3850,3850,0,0,0,0,1,-,-,1,0,0,0,0,0,0,0,0
NNJ15,NHS England Midlands ,Oakham,0,0,406,406,0,0,406,406,0,0,0,0,1,-,-,1,0,0,0,0,0,0,0,0
RXK,NHS England Midlands ,Sandwell And West Birmingham Hospitals NHS Trust,11907,1150,8616,21673,6952,1017,8288,16257,4955,133,328,5416,0.750103815807687,0.5838582346518855,0.8843478260869565,0.9619312906220984,2710,0,0,2710,543,3253,1050,231
RK5,NHS England Midlands ,Sherwood Forest Hospitals NHS Foundation Trust,11777,0,6260,18037,7839,0,5720,13559,3938,0,540,4478,0.7517325497588291,0.6656194276980555,-,0.9137380191693291,3904,0,2,3906,303,4209,542,63
R1D,NHS England Midlands ,Shropshire Community Health NHS Trust,0,0,3251,3251,0,0,3245,3245,0,0,6,6,0.9981544140264534,-,-,0.9981544140264534,0,0,0,0,0,0,0,0
C83023,NHS England Midlands ,Sleaford Medical Group,0,0,540,540,0,0,540,540,0,0,0,0,1,-,-,1,0,0,0,0,0,0,0,0
Y02615,NHS England Midlands ,South Birmingham GP Walk In Centre,0,0,7113,7113,0,0,7113,7113,0,0,0,0,1,-,-,1,0,0,0,0,0,0,0,0
RJC,NHS England Midlands ,South Warwickshire University NHS Foundation Trust,8483,0,378,8861,5751,0,378,6129,2732,0,0,2732,0.691682654327954,0.6779441235412,-,1,2303,0,0,2303,877,3180,521,47
NQTE4,NHS England Midlands ,Summerfield Urgent Care Centre,0,0,3151,3151,0,0,3151,3151,0,0,0,0,1,-,-,1,0,0,0,0,0,0,0,0
RNA,NHS England Midlands ,The Dudley Group NHS Foundation Trust,10115,0,5222,15337,7222,0,5123,12345,2893,0,99,2992,0.804916215687553,0.7139891250617895,-,0.981041746457296,3716,0,0,3716,2467,6183,2072,112
RL1,NHS England Midlands ,The Robert Jones And Agnes Hunt Orthopaedic Hospital NHS Foundation Trust,0,0,0,0,0,0,0,0,0,0,0,0,-,-,-,-,0,0,0,0,0,0,0,0
RL4,NHS England Midlands ,The Royal Wolverhampton NHS Trust,13055,0,9481,22536,9122,0,9267,18389,3933,0,214,4147,0.8159833155839545,0.6987361164304864,-,0.9774285412931125,5766,0,0,5766,1046,6812,1454,472
RXW,NHS England Midlands ,The Shrewsbury And Telford Hospital NHS Trust,11111,0,2873,13984,4761,0,2578,7339,6350,0,295,6645,0.5248140732265446,0.4284942849428494,-,0.8973198746954403,3147,0,220,3367,2165,5532,1830,1390
RWD,NHS England Midlands ,United Lincolnshire Teaching Hospitals NHS Trust,16558,0,3931,20489,10746,0,3514,14260,5812,0,417,6229,0.6959832105031969,0.6489914240850344,-,0.8939201221063343,4894,0,0,4894,1137,6031,1647,573
RRK,NHS England Midlands ,University Hospitals Birmingham NHS Foundation Trust,34819,357,2126,37302,21002,357,2052,23411,13817,0,74,13891,0.6276070988150769,0.6031764266636032,1,0.9651928504233303,10425,0,0,10425,7034,17459,4549,1690
RKB,NHS England Midlands ,University Hospitals Coventry And Warwickshire NHS Trust,12494,1602,6644,20740,7161,1469,6347,14977,5333,133,297,5763,0.7221311475409836,0.5731551144549384,0.9169787765293383,0.9552980132450332,1598,31,55,1684,638,2322,110,14
RTG,NHS England Midlands ,University Hospitals Of Derby And Burton NHS Foundation Trust,21365,0,9978,31343,12176,0,9975,22151,9189,0,3,9192,0.7067287751651087,0.569904048677744,-,0.9996993385447985,4191,0,3,4194,1939,6133,1751,704
RWE,NHS England Midlands ,University Hospitals Of Leicester NHS Trust,22642,2150,0,24792,12699,1913,0,14612,9943,237,0,10180,0.5893836721523072,0.5608603480257928,0.8897674418604651,-,6467,3,0,6470,3646,10116,2508,901
RJE,NHS England Midlands ,University Hospitals Of North Midlands NHS Trust,15475,541,9397,25413,7186,541,8685,16412,8289,0,712,9001,0.6458111989926416,0.46436187399030693,1,0.9242311375971055,5761,0,0,5761,2936,8697,1937,851
RBK,NHS England Midlands ,Walsall Healthcare NHS Trust,9339,0,4711,14050,5983,0,4597,10580,3356,0,114,3470,0.7530249110320285,0.6406467501873863,-,0.9758013160687752,3856,0,0,3856,817,4673,1269,312
RWP,NHS England Midlands ,Worcestershire Acute Hospitals NHS Trust,13805,0,6203,20008,7067,0,6132,13199,6738,0,71,6809,0.6596861255497801,0.5119159724737414,-,0.9885539255199097,2693,0,0,2693,861,3554,1656,731
RLQ,NHS England Midlands ,Wye Valley NHS Trust,6308,1157,158,7623,3505,1157,158,4820,2803,0,0,2803,0.6322969959333595,0.5556436271401395,1,1,1461,0,0,1461,151,1612,708,293
RCF,NHS England North East And Yorkshire ,Airedale NHS Foundation Trust,6433,232,0,6665,3892,232,0,4124,2541,0,0,2541,0.6187546886721681,0.6050054406964092,1,-,1521,0,0,1521,521,2042,663,223
RFF,NHS England North East And Yorkshire ,Barnsley Hospital NHS Foundation Trust,9293,0,0,9293,7455,0,0,7455,1838,0,0,1838,0.8022167222640697,0.8022167222640697,-,-,3249,0,0,3249,530,3779,229,0
RAE,NHS England North East And Yorkshire ,Bradford Teaching Hospitals NHS Foundation Trust,9248,1045,3252,13545,6943,1045,3249,11237,2305,0,3,2308,0.8296050203026947,0.7507569204152249,1,0.9990774907749077,2612,0,35,2647,1429,4076,784,97
NNF09,NHS England North East And Yorkshire ,Bransholme Health Centre,0,0,3661,3661,0,0,3086,3086,0,0,575,575,0.8429390876809615,-,-,0.8429390876809615,0,0,0,0,0,0,0,0
NNF16,NHS England North East And Yorkshire ,Bridlington Hospital,0,0,1464,1464,0,0,1401,1401,0,0,63,63,0.9569672131147541,-,-,0.9569672131147541,0,0,0,0,0,0,0,0
RWY,NHS England North East And Yorkshire ,Calderdale And Huddersfield NHS Foundation Trust,16307,0,0,16307,13331,0,0,13331,2976,0,0,2976,0.8175016863923469,0.8175016863923469,-,-,2750,0,0,2750,209,2959,905,20
RXP,NHS England North East And Yorkshire ,County Durham And Darlington NHS Foundation Trust,13515,0,12233,25748,8302,0,12233,20535,5213,0,0,5213,0.7975376728289576,0.6142804291527932,-,1,4479,0,0,4479,783,5262,1844,13
RP5,NHS England North East And Yorkshire ,Doncaster And Bassetlaw Teaching Hospitals NHS Foundation Trust,14073,0,4384,18457,9431,0,4363,13794,4642,0,21,4663,0.7473587256867313,0.6701485113337596,-,0.9952098540145985,3831,0,429,4260,1055,5315,1083,118
NNF94,NHS England North East And Yorkshire ,East Riding Community Hospital,0,0,2943,2943,0,0,2656,2656,0,0,287,287,0.9024804621134896,-,-,0.9024804621134896,0,0,0,0,0,0,0,0
RR7,NHS England North East And Yorkshire ,Gateshead Health NHS Foundation Trust,5903,0,4000,9903,3414,0,3968,7382,2489,0,32,2521,0.7454306775724527,0.5783499915297307,-,0.992,1598,0,0,1598,52,1650,839,2
NNFA7,NHS England North East And Yorkshire ,Goole & District Hospital,0,0,1680,1680,0,0,1660,1660,0,0,20,20,0.9880952380952381,-,-,0.9880952380952381,0,0,0,0,0,0,0,0
RCD,NHS England North East And Yorkshire ,Harrogate And District NHS Foundation Trust,5491,0,1014,6505,4120,0,1013,5133,1371,0,1,1372,0.7890853189853958,0.7503187033327263,-,0.9990138067061144,1150,0,0,1150,315,1465,409,23
RWA,NHS England North East And Yorkshire ,Hull University Teaching Hospitals NHS Trust,9198,0,5279,14477,3797,0,4673,8470,5401,0,606,6007,0.5850659667058092,0.4128071319852142,-,0.8852055313506346,3486,0,0,3486,2346,5832,1546,536
RV9,NHS England North East And Yorkshire ,Humber Teaching NHS Foundation Trust,0,0,1076,1076,0,0,1066,1066,0,0,10,10,0.9907063197026023,-,-,0.9907063197026023,0,0,0,0,0,0,0,0
RR8,NHS England North East And Yorkshire ,Leeds Teaching Hospitals NHS Trust,18023,741,12822,31586,11529,741,12771,25041,6494,0,51,6545,0.7927879440258342,0.6396826277534262,1,0.9960224613944783,3721,0,0,3721,1180,4901,2015,299
ARN03,NHS England North East And Yorkshire ,Local Care Direct,0,0,2452,2452,0,0,2443,2443,0,0,9,9,0.9963295269168027,-,-,0.9963295269168027,0,0,0,0,0,0,0,0
RXF,NHS England North East And Yorkshire ,Mid Yorkshire Teaching NHS Trust,17228,154,6268,23650,10753,154,5758,16665,6475,0,510,6985,0.7046511627906977,0.6241583468771766,1,0.9186343331206126,3671,0,179,3850,909,4759,2313,277
RNN,NHS England North East And Yorkshire ,North Cumbria Integrated Care NHS Foundation Trust,9237,0,1957,11194,5270,0,1932,7202,3967,0,25,3992,0.6433803823476862,0.5705315578651077,-,0.9872253449156873,2440,0,0,2440,735,3175,1071,482
RVW,NHS England North East And Yorkshire ,North Tees And Hartlepool NHS Foundation Trust,5014,0,11944,16958,2620,0,11897,14517,2394,0,47,2441,0.8560561386956009,0.5225368966892701,-,0.9960649698593436,1715,0,566,2281,2543,4824,172,8
RJL,NHS England North East And Yorkshire ,Northern Lincolnshire And Goole NHS Foundation Trust,9197,0,7778,16975,4431,0,7708,12139,4766,0,70,4836,0.7151104565537555,0.48178753941502667,-,0.9910002571355104,5717,0,0,5717,498,6215,1329,653
RTF,NHS England North East And Yorkshire ,Northumbria Healthcare NHS Foundation Trust,10277,0,13291,23568,7745,0,13285,21030,2532,0,6,2538,0.8923116089613035,0.7536245986182738,-,0.9995485666992702,4278,0,18,4296,473,4769,35,0
RCU,NHS England North East And Yorkshire ,Sheffield Children's NHS Foundation Trust,5181,0,449,5630,4650,0,449,5099,531,0,0,531,0.9056838365896981,0.897510133178923,-,1,1106,0,0,1106,75,1181,7,0
RHQ,NHS England North East And Yorkshire ,Sheffield Teaching Hospitals NHS Foundation Trust,9454,1210,8345,19009,4607,1210,8079,13896,4847,0,266,5113,0.7310221474038613,0.48730696001692403,1,0.968124625524266,3814,0,0,3814,3186,7000,1007,5
RTR,NHS England North East And Yorkshire ,South Tees Hospitals NHS Foundation Trust,7561,0,11168,18729,3567,0,10588,14155,3994,0,580,4574,0.7557798067168562,0.47176299431292157,-,0.9480659025787965,2678,0,127,2805,2448,5253,283,7
R0B,NHS England North East And Yorkshire ,South Tyneside And Sunderland NHS Foundation Trust,12249,1338,7763,21350,7090,1313,7460,15863,5159,25,303,5487,0.7429976580796253,0.5788227610417177,0.9813153961136024,0.9609686976684272,4487,12,0,4499,1547,6046,318,2
RXG,NHS England North East And Yorkshire ,South West Yorkshire Partnership NHS Foundation Trust,0,0,0,0,0,0,0,0,0,0,0,0,-,-,-,-,0,0,0,0,131,131,0,0
RTD,NHS England North East And Yorkshire ,The Newcastle Upon Tyne Hospitals NHS Foundation Trust,12877,1781,6604,21262,8318,1566,6603,16487,4559,215,1,4775,0.7754209387639921,0.6459579094509591,0.8792813026389669,0.9998485766202302,3769,22,0,3791,2861,6652,562,37
RFR,NHS England North East And Yorkshire ,The Rotherham NHS Foundation Trust,9434,0,0,9434,6178,0,0,6178,3256,0,0,3256,0.6548653805384779,0.6548653805384779,-,-,1982,0,0,1982,218,2200,684,35
AJN,NHS England North East And Yorkshire ,Workington Health Limited,0,0,336,336,0,0,336,336,0,0,0,0,1,-,-,1,0,0,0,0,0,0,0,0
RCB,NHS England North East And Yorkshire ,York And Scarborough Teaching Hospitals NHS Foundation Trust,10854,333,7214,18401,4731,333,6912,11976,6123,0,302,6425,0.6508341937938156,0.43587617468214485,1,0.9581369559190464,4796,0,0,4796,1599,6395,1355,539
RBS,NHS England North West ,Alder Hey Children's NHS Foundation Trust,6446,0,0,6446,5145,0,0,5145,1301,0,0,1301,0.7981694073844244,0.7981694073844244,-,-,831,0,0,831,297,1128,4,0
RXL,NHS England North West ,Blackpool Teaching Hospitals NHS Foundation Trust,9382,0,11384,20766,5218,0,11313,16531,4164,0,71,4235,0.796060868727728,0.5561713920272863,-,0.9937631763879129,2743,0,0,2743,1747,4490,1048,549
RMC,NHS England North West ,Bolton NHS Foundation Trust,8420,0,3912,12332,5078,0,3781,8859,3342,0,131,3473,0.7183749594550762,0.6030878859857483,-,0.9665132924335378,2574,0,116,2690,1023,3713,827,272
RY2,NHS England North West ,Bridgewater Community Healthcare NHS Foundation Trust,0,0,3210,3210,0,0,3104,3104,0,0,106,106,0.9669781931464174,-,-,0.9669781931464174,0,0,0,0,0,0,0,0
RJR,NHS England North West ,Countess Of Chester Hospital NHS Foundation Trust,5250,0,2446,7696,2486,0,2088,4574,2764,0,358,3122,0.5943347193347194,0.4735238095238095,-,0.8536385936222404,1598,0,0,1598,1288,2886,903,650
RJN,NHS England North West ,East Cheshire NHS Trust,4524,0,60,4584,2301,0,60,2361,2223,0,0,2223,0.5150523560209425,0.5086206896551724,-,1,754,0,0,754,205,959,602,470
RXR,NHS England North West ,East Lancashire Hospitals NHS Trust,13340,0,11173,24513,8888,0,10646,19534,4452,0,527,4979,0.7968832864194509,0.6662668665667166,-,0.9528327217399087,3876,0,101,3977,1664,5641,1629,1105
RXN,NHS England North West ,Lancashire Teaching Hospitals NHS Foundation Trust,12337,0,3441,15778,7622,0,3276,10898,4715,0,165,4880,0.6907085815692737,0.617816324876388,-,0.9520488230165649,2420,0,92,2512,1119,3631,1433,418
RBQ,NHS England North West ,Liverpool Heart And Chest Hospital NHS Foundation Trust,0,0,0,0,0,0,0,0,0,0,0,0,-,-,-,-,0,0,0,0,170,170,0,0
REM,NHS England North West ,Liverpool University Hospitals NHS Foundation Trust,16276,1842,8129,26247,8208,1722,7794,17724,8068,120,335,8523,0.6752771745342325,0.5043008110100762,0.9348534201954397,0.9587895190060278,4562,0,0,4562,2461,7023,2957,982
REP,NHS England North West ,Liverpool Women's NHS Foundation Trust,0,1632,0,1632,0,1456,0,1456,0,176,0,176,0.8921568627450981,-,0.8921568627450981,-,0,118,0,118,14,132,0,0
R0A,NHS England North West ,Manchester University NHS Foundation Trust,28984,3542,12838,45364,17868,3388,12273,33529,11116,154,565,11835,0.7391103077330041,0.6164780568589566,0.9565217391304348,0.9559900295996261,5886,148,165,6199,429,6628,2972,101
RBN,NHS England North West ,Mersey And West Lancashire Teaching Hospitals NHS Trust,18310,0,7558,25868,11804,0,7411,19215,6506,0,147,6653,0.7428096489871656,0.6446750409612234,-,0.9805504101614184,8282,0,0,8282,679,8961,1015,363
RW4,NHS England North West ,Mersey Care NHS Foundation Trust,0,0,14217,14217,0,0,13812,13812,0,0,405,405,0.971512977421397,-,-,0.971512977421397,0,0,0,0,44,44,0,0
RBT,NHS England North West ,Mid Cheshire Hospitals NHS Foundation Trust,7136,0,3331,10467,2997,0,3262,6259,4139,0,69,4208,0.5979745867965989,0.41998318385650224,-,0.9792854998498949,2236,0,0,2236,1348,3584,1145,541
Y02532,NHS England North West ,Miriam Minor Emergency,0,0,1709,1709,0,0,1709,1709,0,0,0,0,1,-,-,1,0,0,0,0,0,0,0,0
RM3,NHS England North West ,Northern Care Alliance NHS Foundation Trust,25828,0,8886,34714,15383,0,8485,23868,10445,0,401,10846,0.6875612144955926,0.5955939290692271,-,0.9548728336709431,7203,0,298,7501,2067,9568,2367,1306
NV693,NHS England North West ,Rossendale Miu & Ooh,0,0,1122,1122,0,0,1121,1121,0,0,1,1,0.9991087344028521,-,-,0.9991087344028521,0,0,0,0,0,0,0,0
NQT5F,NHS England North West ,Skelmersdale Walk In Centre,0,0,1730,1730,0,0,1724,1724,0,0,6,6,0.9965317919075144,-,-,0.9965317919075144,0,0,0,0,0,0,0,0
RWJ,NHS England North West ,Stockport NHS Foundation Trust,8527,0,2574,11101,5169,0,2489,7658,3358,0,85,3443,0.6898477614629313,0.6061920956960244,-,0.966977466977467,2843,0,82,2925,956,3881,1093,292
RMP,NHS England North West ,Tameside And Glossop Integrated Care NHS Foundation Trust,9204,0,3112,12316,5391,0,3092,8483,3813,0,20,3833,0.6887788242936018,0.5857235984354628,-,0.993573264781491,1654,0,0,1654,253,1907,695,146
RBV,NHS England North West ,The Christie NHS Foundation Trust,0,0,0,0,0,0,0,0,0,0,0,0,-,-,-,-,0,0,0,0,821,821,0,0
RET,NHS England North West ,The Walton Centre NHS Foundation Trust,0,0,0,0,0,0,0,0,0,0,0,0,-,-,-,-,0,0,0,0,182,182,0,0
RTX,NHS England North West ,University Hospitals Of Morecambe Bay NHS Foundation Trust,9620,0,4537,14157,5808,0,4409,10217,3812,0,128,3940,0.7216924489651763,0.6037422037422038,-,0.9717875247961207,3127,0,28,3155,1062,4217,1279,544
RWW,NHS England North West ,Warrington And Halton Teaching Hospitals NHS Foundation Trust,7272,0,3351,10623,3617,0,3191,6808,3655,0,160,3815,0.6408735762025793,0.49738723872387236,-,0.9522530587884214,1807,0,0,1807,131,1938,1408,680
RY7,NHS England North West ,Wirral Community Health And Care NHS Foundation Trust,0,0,4551,4551,0,0,4149,4149,0,0,402,402,0.9116677653263019,-,-,0.9116677653263019,0,0,0,0,0,0,0,0
RBL,NHS England North West ,Wirral University Teaching Hospital NHS Foundation Trust,7845,0,3510,11355,3704,0,3352,7056,4141,0,158,4299,0.6214002642007926,0.4721478648820905,-,0.954985754985755,2155,0,0,2155,1605,3760,1305,893
RRF,NHS England North West ,"Wrightington, Wigan And Leigh NHS Foundation Trust",6924,0,5866,12790,3415,0,5757,9172,3509,0,109,3618,0.7171227521501172,0.49321201617562105,-,0.981418342993522,2391,0,0,2391,661,3052,1621,475
RTK,NHS England South East ,Ashford And St Peter's Hospitals NHS Foundation Trust,10757,0,0,10757,7062,0,0,7062,3695,0,0,3695,0.6565027424002975,0.6565027424002975,-,-,2884,0,0,2884,678,3562,759,231
NTV0B,NHS England South East ,Ashford Walk-In-Centre,0,0,2374,2374,0,0,2351,2351,0,0,23,23,0.9903117101937658,-,-,0.9903117101937658,0,0,0,0,0,0,0,0
RWX,NHS England South East ,Berkshire Healthcare NHS Foundation Trust,0,0,1479,1479,0,0,1471,1471,0,0,8,8,0.9945909398242055,-,-,0.9945909398242055,0,0,19,19,0,19,0,0
Y02676,NHS England South East ,Brighton Station Health Centre,0,0,2040,2040,0,0,2040,2040,0,0,0,0,1,-,-,1,0,0,0,0,0,0,0,0
RXQ,NHS England South East ,Buckinghamshire Healthcare NHS Trust,11146,1232,3622,16000,7853,1232,3533,12618,3293,0,89,3382,0.788625,0.7045576888569891,1,0.9754279403644396,4044,677,0,4721,2216,6937,505,260
RN7,NHS England South East ,Dartford And Gravesham NHS Trust,11705,0,4168,15873,8011,0,4151,12162,3694,0,17,3711,0.7662067662067662,0.6844083724903888,-,0.9959213051823417,3244,0,0,3244,458,3702,953,407
Y00751,NHS England South East ,East Berks Primary Care Ooh(Wam),0,0,0,0,0,0,0,0,0,0,0,0,-,-,-,-,0,0,0,0,0,0,0,0
RVV,NHS England South East ,East Kent Hospitals University NHS Foundation Trust,12820,0,13288,26108,6592,0,12874,19466,6228,0,414,6642,0.7455952198559829,0.5141965678627145,-,0.9688440698374473,2819,0,528,3347,549,3896,1666,1326
RXC,NHS England South East ,East Sussex Healthcare NHS Trust,10281,0,4593,14874,6083,0,4493,10576,4198,0,100,4298,0.7110393976065618,0.5916739616768797,-,0.9782277378619638,3004,0,0,3004,501,3505,280,92
NDJ,NHS England South East ,First Community Health And Care Cic,0,0,2464,2464,0,0,2464,2464,0,0,0,0,1,-,-,1,0,0,0,0,0,0,0,0
RDU,NHS England South East ,Frimley Health NHS Foundation Trust,22632,945,13202,36779,13016,944,12896,26856,9616,1,306,9923,0.7301992985127382,0.5751148815835985,0.9989417989417989,0.9768216936827754,6243,0,0,6243,120,6363,2051,437
RW1,NHS England South East ,Hampshire And Isle Of Wight Healthcare NHS Foundation Trust,0,0,3122,3122,0,0,3058,3058,0,0,64,64,0.9795003203074952,-,-,0.9795003203074952,0,0,0,0,140,140,0,0
RN5,NHS England South East ,Hampshire Hospitals NHS Foundation Trust,11387,73,3630,15090,6425,73,3480,9978,4962,0,150,5112,0.6612326043737574,0.56423992271889,1,0.9586776859504132,4215,9,36,4260,1388,5648,351,52
R1F,NHS England South East ,Isle Of Wight NHS Trust,4290,329,1438,6057,2307,329,1438,4074,1983,0,0,1983,0.6726102030708272,0.5377622377622377,1,1,1287,0,0,1287,88,1375,488,186
RYY,NHS England South East ,Kent Community Health NHS Foundation Trust,0,0,9690,9690,0,0,9658,9658,0,0,32,32,0.9966976264189886,-,-,0.9966976264189886,0,0,0,0,0,0,0,0
RWF,NHS England South East ,Maidstone And Tunbridge Wells NHS Trust,19127,0,2591,21718,15920,0,2565,18485,3207,0,26,3233,0.851137305460908,0.8323312594761332,-,0.9899652643766885,5241,0,0,5241,979,6220,818,25
RPA,NHS England South East ,Medway NHS Foundation Trust,9419,0,8156,17575,6199,0,7409,13608,3220,0,747,3967,0.7742816500711237,0.658137806561206,-,0.9084109857773418,1903,0,0,1903,493,2396,1039,688
RNU,NHS England South East ,Oxford Health NHS Foundation Trust,0,0,3656,3656,0,0,3237,3237,0,0,419,419,0.8853938730853391,-,-,0.8853938730853391,0,0,0,0,0,0,0,0
RTH,NHS England South East ,Oxford University Hospitals NHS Foundation Trust,14558,1830,2199,18587,8703,1830,2189,12722,5855,0,10,5865,0.6844568784634422,0.5978156340156615,1,0.9954524783992724,4670,109,10,4789,4539,9328,771,3
AQN04,NHS England South East ,Phl Lymington Utc,0,0,3129,3129,0,0,3113,3113,0,0,16,16,0.9948865452221157,-,-,0.9948865452221157,0,0,0,0,0,0,0,0
RHU,NHS England South East ,Portsmouth Hospitals University National Health Service Trust,12464,838,4097,17399,7334,825,4016,12175,5130,13,81,5224,0.6997528593597333,0.5884146341463414,0.9844868735083532,0.9802294361728093,3172,0,0,3172,2611,5783,1664,348
NTP11,NHS England South East ,Practice Plus Group Hospital - Southampton,0,0,5772,5772,0,0,5422,5422,0,0,350,350,0.9393624393624393,-,-,0.9393624393624393,0,0,0,0,0,0,0,0
NTPAD,NHS England South East ,Practice Plus Group Surgical Centre - St Marys Portsmouth,0,0,5950,5950,0,0,5803,5803,0,0,147,147,0.9752941176470589,-,-,0.9752941176470589,0,0,0,0,0,0,0,0
RPC,NHS England South East ,Queen Victoria Hospital NHS Foundation Trust,0,0,1400,1400,0,0,1394,1394,0,0,6,6,0.9957142857142857,-,-,0.9957142857142857,0,0,3,3,493,496,0,0
Y07709,NHS England South East ,Reading Urgent Care Centre,0,0,2020,2020,0,0,2020,2020,0,0,0,0,1,-,-,1,0,0,0,0,0,0,0,0
RHW,NHS England South East ,Royal Berkshire NHS Foundation Trust,13201,2367,2157,17725,7986,2346,2157,12489,5215,21,0,5236,0.7045980253878702,0.6049541701386258,0.991128010139417,1,2255,2,0,2257,423,2680,763,33
RA2,NHS England South East ,Royal Surrey County Hospital NHS Foundation Trust,7780,0,1662,9442,5500,0,1661,7161,2280,0,1,2281,0.7584198263079855,0.7069408740359897,-,0.9993983152827918,2583,0,0,2583,1108,3691,269,2
NQT51,NHS England South East ,Station Plaza Health Centre,0,0,1024,1024,0,0,1024,1024,0,0,0,0,1,-,-,1,0,0,0,0,0,0,0,0
RTP,NHS England South East ,Surrey And Sussex Healthcare NHS Trust,10472,0,0,10472,6733,0,0,6733,3739,0,0,3739,0.6429526355996944,0.6429526355996944,-,-,3223,0,0,3223,923,4146,1175,688
RDR,NHS England South East ,Sussex Community NHS Foundation Trust,0,0,12570,12570,0,0,12449,12449,0,0,121,121,0.9903739061256961,-,-,0.9903739061256961,0,0,0,0,0,0,0,0
RHM,NHS England South East ,University Hospital Southampton NHS Foundation Trust,11967,1243,0,13210,6846,1099,0,7945,5121,144,0,5265,0.601438304314913,0.5720732013035849,0.8841512469831054,-,3886,9,0,3895,1645,5540,638,10
RYR,NHS England South East ,University Hospitals Sussex NHS Foundation Trust,28432,1483,2704,32619,17926,1444,2469,21839,10506,39,235,10780,0.669517765719366,0.6304867754642656,0.973701955495617,0.9130917159763313,8684,23,89,8796,1565,10361,1729,912
ACH01,NHS England South East ,Whitstable Medical Practice,0,0,5414,5414,0,0,5414,5414,0,0,0,0,1,-,-,1,0,0,0,0,0,0,0,0
NTV0W,NHS England South East ,Woking Walk In Centre,0,0,2683,2683,0,0,2671,2671,0,0,12,12,0.995527394707417,-,-,0.995527394707417,0,0,0,0,0,0,0,0
RJ8,NHS England South West ,Cornwall Partnership NHS Foundation Trust,0,0,0,0,0,0,0,0,0,0,0,0,-,-,-,-,0,0,16,16,74,90,0,0
RBD,NHS England South West ,Dorset County Hospital NHS Foundation Trust,4514,0,4529,9043,3107,0,4520,7627,1407,0,9,1416,0.8434147959747871,0.6883030571555162,-,0.9980128063590197,1881,0,0,1881,610,2491,248,66
RDY,NHS England South West ,Dorset Healthcare University NHS Foundation Trust,0,0,0,0,0,0,0,0,0,0,0,0,-,-,-,-,0,0,1,1,0,1,0,0
RTQ,NHS England South West ,Gloucestershire Health And Care NHS Foundation Trust,0,0,8527,8527,0,0,8401,8401,0,0,126,126,0.9852234079981236,-,-,0.9852234079981236,0,0,0,0,32,32,0,0
RTE,NHS England South West ,Gloucestershire Hospitals NHS Foundation Trust,13769,0,0,13769,8363,0,0,8363,5406,0,0,5406,0.6073788946183456,0.6073788946183456,-,-,2713,0,0,2713,2398,5111,836,459
RN3,NHS England South West ,Great Western Hospitals NHS Foundation Trust,5662,0,5652,11314,2734,0,5194,7928,2928,0,458,3386,0.7007247657769136,0.4828682444365948,-,0.918966737438075,2450,0,0,2450,1391,3841,870,323
RVJ,NHS England South West ,North Bristol NHS Trust,9215,0,0,9215,5647,0,0,5647,3568,0,0,3568,0.612805208898535,0.612805208898535,-,-,2661,0,0,2661,2225,4886,945,407
L83087,NHS England South West ,Okehampton Medical Centre,0,0,87,87,0,0,87,87,0,0,0,0,1,-,-,1,0,0,0,0,0,0,0,0
NQT5H,NHS England South West ,Paulton Memorial Hospital,0,0,913,913,0,0,908,908,0,0,5,5,0.9945235487404163,-,-,0.9945235487404163,0,0,0,0,0,0,0,0
REF,NHS England South West ,Royal Cornwall Hospitals NHS Trust,6629,0,12512,19141,3135,0,11803,14938,3494,0,709,4203,0.7804189958727339,0.47292200935284356,-,0.9433343989769821,2613,0,51,2664,1130,3794,1177,423
RH8,NHS England South West ,Royal Devon University Healthcare NHS Foundation Trust,13959,0,4333,18292,7909,0,4308,12217,6050,0,25,6075,0.6678876011371091,0.5665878644602049,-,0.9942303254096468,3437,0,0,3437,1943,5380,1688,215
RD1,NHS England South West ,Royal United Hospitals Bath NHS Foundation Trust,8762,0,0,8762,5130,0,0,5130,3632,0,0,3632,0.5854827664916685,0.5854827664916685,-,-,2580,0,3,2583,1844,4427,992,163
RNZ,NHS England South West ,Salisbury NHS Foundation Trust,4905,312,1873,7090,2848,312,1873,5033,2057,0,0,2057,0.7098730606488012,0.580632008154944,1,1,1242,0,0,1242,1090,2332,510,43
NLX,NHS England South West ,Sirona Care & Health,0,0,9729,9729,0,0,9295,9295,0,0,434,434,0.9553910987768527,-,-,0.9553910987768527,0,0,0,0,0,0,0,0
RH5,NHS England South West ,Somerset NHS Foundation Trust,13097,0,9956,23053,6917,0,9727,16644,6180,0,229,6409,0.7219884613716219,0.5281362144002444,-,0.9769987946966653,3118,0,0,3118,1840,4958,508,86
RYF,NHS England South West ,South Western Ambulance Service NHS Foundation Trust,0,0,1939,1939,0,0,1923,1923,0,0,16,16,0.9917483238782878,-,-,0.9917483238782878,0,0,0,0,0,0,0,0
AAH,NHS England South West ,Tetbury Hospital Trust Ltd,0,0,707,707,0,0,707,707,0,0,0,0,1,-,-,1,0,0,0,0,0,0,0,0
RA9,NHS England South West ,Torbay And South Devon NHS Foundation Trust,7055,0,3512,10567,3918,0,3462,7380,3137,0,50,3187,0.6984006813665184,0.5553508150248051,-,0.9857630979498861,2305,0,0,2305,1183,3488,330,45
RA7,NHS England South West ,University Hospitals Bristol And Weston NHS Foundation Trust,16099,2536,0,18635,10351,2329,0,12680,5748,207,0,5955,0.6804400321974778,0.642959190011802,0.9183753943217665,-,5388,5,0,5393,1558,6951,1695,534
R0D,NHS England South West ,University Hospitals Dorset NHS Foundation Trust,13702,0,5527,19229,8338,0,5527,13865,5364,0,0,5364,0.7210463362629362,0.6085243030214568,-,1,4209,4,0,4213,2508,6721,1374,288
RK9,NHS England South West ,University Hospitals Plymouth NHS Trust,9353,130,5705,15188,4349,130,5512,9991,5004,0,193,5197,0.6578219647089808,0.4649844969528494,1,0.9661700262927256,2827,0,0,2827,1502,4329,1146,735
,,,,,,,,,,,,,,,,,,,,,,,,,,
,,,,,,,,,,,,,,,,,,,,,,,,,,
,,,,,,,,,,,,,,,,,,,,,,,,,,
,,,,,,,,,,,,,,,,,,,,,,,,,,
,,,,,,,,,,,,,,,,,,,,,,,,,,
,,,,,,,,,,,,,,,,,,,,,,,,,,
,,,,,,,,,,,,,,,,,,,,,,,,,,
,,,,,,,,,,,,,,,,,,,,,,,,,,
,,,,,,,,,,,,,,,,,,,,,,,,,,
,,,,,,,,,,,,,,,,,,,,,,,,,,
,,,,,,,,,,,,,,,,,,,,,,,,,,
,,,,,,,,,,,,,,,,,,,,,,,,,,
,,,,,,,,,,,,,,,,,,,,,,,,,,
,,,,,,,,,,,,,,,,,,,,,,,,,,
